212 0.110411

4 1 4 3 2
  0.369195 0.694112 -5.31048e-008

6 2 15 3 0 6 9
  0.369195 0.627371 -5.31048e-008

6 0 9 12 4 1 11
  0.352023 0.667416 -0.0584483

6 0 12 15 1 4 11
  0.31768 0.680764 -0.0438362

4 3 2 0 12
  0.352023 0.680764 -0.0584483

4 6 7 10 13
  0.352023 0.480539 -0.0292242

6 7 1 15 5 9 10
  0.334852 0.627371 -0.0438362

6 5 8 13 6 14 15
  0.334852 0.640719 -0.0438362

6 9 14 15 10 11 7
  0.334852 0.627371 -0.0584483

6 10 11 1 2 8 6
  0.352023 0.640719 -0.0438362

6 8 13 6 14 9 5
  0.352023 0.480539 -0.0438362

6 2 8 3 9 12 15
  0.300508 0.627371 -0.0876724

4 4 11 3 2
  0.300508 0.694112 -0.102284

4 14 5 7 10
  0.334852 0.480539 -0.0292242

4 10 7 8 13
  0.334852 0.480539 -0.0438362

6 11 6 7 1 8 3
  0.31768 0.667416 -0.0292242

7 17 67 75 109 21 18 93
  -0.266164 -1.00112 -0.365302

5 18 94 16 91 109
  -0.283336 -1.1613 -0.409138

5 16 91 17 92 93
  -0.59243 -1.17465 -0.175345

6 20 64 80 67 21 62
  -0.0944455 -0.640719 -0.0730604

7 21 94 109 19 91 92 67
  -0.163133 -1.01447 -0.175345

6 19 16 109 20 80 75
  -0.0772736 -1.00112 -0.336077

10 23 126 147 148 145 155 24 156 40 42
  0.678289 0.573977 -0.131509

6 24 81 141 22 155 54
  0.798492 0.533933 0.0730603

6 22 56 148 77 54 23
  0.575258 0.467191 0.14612

6 26 34 100 102 27 46
  0.386367 -0.560629 0.189957

6 27 102 88 25 68 105
  0.197476 -0.627371 0.189957

6 25 35 68 34 26 69
  0.180304 -0.720809 0.175345

5 29 59 149 30 73
  0.0257577 -0.0133483 0.0584481

6 30 85 28 39 59 32
  -0.0601016 0.040045 -0.0438363

8 28 65 29 85 71 66 119 73
  0.163133 -0.120135 -0.0876724

6 32 39 112 33 146 125
  0.0601016 0.293663 -0.336077

5 33 31 29 39 59
  -0.0257578 0.173528 -0.0438363

6 31 79 59 146 45 32
  -0.0601016 0.40045 -0.131509

6 27 47 46 53 25 35
  0.437883 -0.667416 0.189957

7 34 70 69 53 27 76 89
  0.472227 -0.974427 -1.38072e-007

7 37 118 104 117 38 45 78
  0.214648 0.827596 -0.102284

5 38 104 103 36 57
  0.23182 0.907685 -0.219181

6 36 57 37 50 45 153
  0.163133 0.894337 -0.292241

8 32 31 116 119 112 66 85 29
  0.0601016 0.16018 -0.336077

8 41 57 58 143 145 22 108 42
  0.472227 0.86764 -0.189957

5 42 117 40 143 118
  0.472227 0.880989 -0.0146121

7 40 78 77 118 41 22 156
  0.540914 0.840944 0.0292241

6 44 50 45 153 83 49
  -0.248992 0.787551 -0.306853

6 45 48 83 136 43 130
  -0.0944453 0.734157 -0.0292242

10 43 44 33 48 153 79 146 36 78 38
  0.0257578 0.720809 -0.0146121

6 34 69 25 47 68 100
  0.489398 -0.573978 -0.0584483

6 46 76 34 69 53 86
  0.678289 -1.00112 -0.160733

6 49 45 136 146 50 44
  0.00858593 0.533933 -0.146121

6 50 43 48 136 84 83
  -0.0601016 0.520584 -0.379914

10 48 49 38 126 145 125 146 43 153 57
  0.214649 0.614023 -0.482198

5 52 89 90 70 53
  0.300508 -1.1613 0.233793

5 53 86 51 95 90
  0.643945 -1.17465 0.0730602

7 51 35 52 47 86 34 70
  0.626773 -1.00112 0.029224

6 55 23 81 99 56 24
  0.626774 0.347056 0.219181

6 56 99 96 141 54 106
  0.575258 0.440494 0.321465

6 54 55 77 141 24 155
  0.50657 0.614022 0.321465

7 58 50 37 38 40 103 145
  0.403539 0.86764 -0.277629

5 40 108 134 57 103
  0.369195 0.987775 -0.233793

8 60 29 79 61 32 149 28 33
  0.0601015 0.173528 0.0730602

5 61 101 149 59 142
  0.180305 0.16018 0.160733

6 59 142 77 79 148 60
  0.266164 0.373753 0.248405

6 63 19 65 115 80 64
  -0.0772736 -0.547281 -0.0876725

6 64 62 85 116 65 74
  -0.283336 -0.480539 -0.0876725

6 62 67 74 75 63 19
  -0.334852 -0.560629 -0.0730604

6 66 63 62 85 115 30
  0.0429296 -0.320359 -0.0876724

6 30 115 65 39 119 116
  0.0944452 -0.360404 -0.321465

7 19 75 93 64 20 92 16
  -0.31768 -0.974427 -0.204569

6 69 88 46 26 100 27
  0.214648 -0.573977 -0.0292242

6 27 76 68 47 46 35
  0.23182 -0.680764 -0.0584484

4 53 89 35 51
  0.300508 -1.09456 0.233793

5 72 119 110 73 30
  0.369195 0.0266966 -0.204569

6 73 110 71 111 87 101
  0.50657 0.0266966 -0.0438363

8 71 87 88 30 105 72 28 149
  0.197477 -0.120135 -0.0584483

6 75 80 116 63 64 115
  -0.23182 -0.493888 -0.306853

6 64 16 74 21 67 80
  -0.283336 -0.573977 -0.35069

7 35 86 69 95 90 47 89
  0.489398 -1.01447 -0.160733

9 78 79 61 155 42 24 156 148 56
  0.369195 0.654067 0.263017

6 79 45 77 42 36 118
  0.111617 0.680764 0.0730602

6 77 45 33 61 59 78
  0.0772734 0.347056 0.0730602

6 75 62 19 115 74 21
  -0.00858606 -0.614022 -0.321465

6 54 106 99 23 107 141
  0.78132 0.293663 0.306853

8 83 131 137 138 130 139 84 140
  -0.334852 0.40045 -0.0584483

6 84 130 82 49 44 43
  -0.300508 0.453843 -0.131509

6 82 49 132 83 137 136
  -0.128789 0.333708 -0.160733

6 30 116 63 39 65 29
  -0.180305 -0.200225 -0.0584483

5 53 95 52 47 76
  0.695461 -1.188 -0.146121

6 88 101 100 73 72 102
  0.455055 -0.32036 -0.0584483

6 73 100 105 87 68 26
  0.197476 -0.333708 -0.0438363

5 90 51 76 35 70
  0.197476 -1.10791 0.0876722

5 51 76 52 95 89
  0.197476 -1.17465 0.102284

5 92 17 18 94 20
  -0.506571 -1.188 -0.0292243

5 18 67 93 91 20
  -0.506571 -1.12126 -0.0146122

4 92 18 16 67
  -0.59243 -1.10791 -0.175345

4 91 109 20 17
  -0.128789 -1.188 -0.131509

4 76 90 86 52
  0.455055 -1.188 -0.189957

6 97 55 106 99 98 113
  0.523742 0.440494 0.292241

6 98 160 157 161 96 113
  0.352023 0.24027 0.263017

6 96 114 106 107 97 157
  0.386367 0.280315 0.350689

6 96 113 54 81 55 107
  0.609602 0.307011 0.204569

6 68 88 102 46 87 25
  0.420711 -0.533933 -0.0292242

8 102 105 111 72 142 149 87 60
  0.455055 0.146831 0.131508

6 87 105 101 25 26 100
  0.437883 -0.280315 0.175345

7 37 57 135 58 144 134 104
  0.197477 0.94773 -0.175345

5 103 37 36 117 144
  0.145961 0.800899 -5.31048e-008

6 26 102 73 149 101 88
  0.145961 -0.333708 0.219181

6 107 55 96 98 81 141
  0.626774 0.387101 0.452974

6 81 114 98 99 106 113
  0.712633 0.226921 0.350689

5 40 134 133 58 143
  0.489399 0.987775 -0.146121

5 17 20 16 21 94
  -0.0772736 -1.1613 -0.365302

8 111 71 72 112 119 125 126 147
  0.334852 0.186876 -0.175345

5 72 142 101 110 147
  0.455055 0.16018 -9.55886e-008

5 39 125 110 119 31
  0.180305 0.186876 -0.292241

6 96 107 114 97 99 160
  0.386367 0.133483 0.248405

6 113 107 160 157 98 159
  0.437883 0.146831 0.379913

6 74 65 116 66 62 80
  -0.0257579 -0.547281 -0.277629

6 115 63 74 66 85 39
  -0.0944454 -0.213573 -0.336077

7 118 36 127 41 104 144 143
  0.266164 0.78755 0.0876723

5 41 117 78 42 36
  0.334852 0.814247 0.014612

6 110 66 112 39 30 71
  0.266164 -0.0133483 -0.350689

6 121 122 152 151 154 150
  -0.214649 0.133483 0.409137

6 122 138 140 124 150 120
  -0.214649 0.106787 0.277629

6 120 124 121 151 123 154
  -0.111617 0.253618 0.292241

6 122 139 140 150 124 154
  -0.23182 0.333708 0.292241

6 123 121 122 132 139 138
  -0.128789 0.253618 0.189957

6 50 110 146 126 31 112
  0.283336 0.40045 -0.379914

6 125 145 50 22 110 147
  0.386367 0.400449 -0.219181

5 128 129 144 143 117
  0.266164 1.04117 0.175345

4 129 133 127 143
  0.420711 1.13461 0.0876723

6 127 133 134 144 128 135
  0.283336 1.17465 -0.014612

6 131 82 44 83 132 136
  -0.197477 0.547281 0.014612

4 132 130 139 82
  -0.214649 0.520584 0.0730602

8 130 138 131 137 139 84 136 124
  -0.0601016 0.413798 0.014612

5 134 108 143 129 128
  0.455055 1.17465 -0.0876724

6 129 135 133 103 108 58
  0.352024 1.188 -0.175345

4 129 134 144 103
  0.180305 1.14796 -0.116896

6 49 84 48 132 130 44
  -0.0772735 0.440494 -0.0292242

4 138 132 84 82
  -0.145961 0.280315 -0.116897

6 82 124 137 140 121 132
  -0.214649 0.16018 0.14612

6 140 132 124 131 123 82
  -0.23182 0.32036 0.204569

6 123 82 138 150 121 139
  -0.31768 0.24027 0.160733

6 81 56 155 106 23 55
  0.712633 0.427146 0.438362

6 101 148 60 147 61 111
  0.489398 0.253618 0.131508

7 108 41 117 40 128 133 127
  0.455055 0.921034 0.0292241

6 127 129 117 104 135 103
  0.111617 1.05452 0.0292241

5 22 126 57 40 50
  0.455055 0.600674 -0.263017

6 50 45 48 31 125 33
  0.0429297 0.427146 -0.321465

6 126 110 22 111 148 142
  0.558086 0.347056 -0.0730603

6 61 147 77 142 22 24
  0.558086 0.347056 0.0876723

6 73 105 101 60 59 28
  0.145961 0.0266966 0.204569

6 123 120 140 154 121 152
  -0.334852 0.24027 0.277629

3 120 154 122
  -0.145961 0.24027 0.42375

3 150 120 154
  -0.283336 0.226921 0.409137

4 43 50 38 45
  0.0257579 0.894337 -0.292241

6 123 120 122 152 151 150
  -0.23182 0.307011 0.42375

6 156 23 56 141 22 77
  0.746977 0.747506 0.277629

4 77 42 155 22
  0.609602 0.840944 0.0876723

8 158 98 97 162 161 164 159 114
  0.300508 0.307011 0.379913

5 159 162 157 164 163
  0.214648 0.213573 0.452974

5 157 163 114 160 158
  0.31768 0.200225 0.452974

6 161 113 159 114 163 97
  0.248992 0.106787 0.336077

5 97 163 157 162 160
  0.23182 0.24027 0.248405

5 163 161 164 157 158
  0.163133 0.24027 0.321465

5 158 162 160 161 159
  0.180305 0.146831 0.379913

3 157 158 162
  0.197477 0.280315 0.379913

4 166 169 167 168
  0.0429296 0.427146 0.350689

5 167 173 168 170 165
  -0.0429297 0.427146 0.336077

6 165 170 172 166 169 171
  -0.0429297 0.453843 0.365301

6 165 172 173 169 171 166
  0.0429296 0.413798 0.365301

4 168 167 165 172
  0.0429296 0.440494 0.365301

4 171 173 166 167
  -0.128789 0.427146 0.365301

5 167 170 168 172 173
  -0.0429297 0.427146 0.394525

4 169 171 168 167
  0.0429296 0.427146 0.379913

4 171 170 166 168
  -0.0429297 0.400449 0.365301

6 175 181 176 189 182 206
  0.0429297 0.587326 0.379913

6 176 174 204 189 191 209
  0.111617 0.520584 0.482198

6 174 205 206 203 209 175
  0.111617 0.614022 0.379913

7 178 190 180 179 182 199 194
  0.0429296 0.333708 0.277629

4 179 177 192 190
  0.0601015 0.280315 0.350689

6 177 178 200 199 183 192
  0.00858584 0.213573 0.350689

6 181 182 197 177 199 195
  -0.334852 0.520584 0.277629

6 182 189 180 197 208 174
  -0.334852 0.573978 0.350689

6 180 177 206 194 181 174
  0.0429297 0.533933 0.292241

8 184 201 200 185 208 179 198 192
  -0.334852 0.307011 0.409137

6 185 195 198 196 183 207
  -0.798492 0.32036 0.350689

6 183 207 199 201 196 184
  -0.420711 0.253618 0.336077

6 187 194 188 204 191 193
  0.386367 0.213573 0.350689

6 188 186 203 194 206 202
  0.283336 0.413798 0.306853

5 186 204 202 187 210
  0.334852 0.387101 0.365301

6 174 175 181 191 208 192
  0.0429296 0.533933 0.438362

6 191 178 193 194 177 192
  0.111617 0.280315 0.350689

7 192 190 186 175 193 204 189
  0.111617 0.32036 0.438362

7 190 179 189 183 178 191 208
  0.0429296 0.32036 0.42375

4 191 190 186 194
  0.300508 0.146831 0.336077

7 187 182 177 193 206 186 190
  0.128789 0.333708 0.292241

6 196 198 180 184 197 199
  -0.78132 0.467191 0.263017

5 184 185 199 207 195
  -0.78132 0.333708 0.263017

5 195 181 208 180 198
  -0.798492 0.493888 0.321465

5 197 195 183 208 184
  -0.798492 0.453843 0.350689

8 200 179 177 180 201 195 185 196
  -0.334852 0.32036 0.263017

4 201 183 199 179
  -0.300508 0.213573 0.336077

4 199 200 185 183
  -0.334852 0.280315 0.336077

6 187 205 211 210 203 188
  0.712633 0.533932 0.379913

5 202 176 187 205 206
  0.300508 0.547281 0.263017

6 186 191 209 175 210 188
  0.283336 0.400449 0.452974

6 203 209 211 210 202 176
  0.283336 0.614022 0.394525

6 174 194 187 182 203 176
  0.111617 0.547281 0.263017

3 196 184 185
  -0.78132 0.293663 0.306853

6 181 189 198 192 197 183
  -0.352023 0.520584 0.42375

5 175 210 205 176 204
  0.283336 0.520584 0.482198

6 205 202 188 211 209 204
  0.695461 0.533932 0.452974

3 202 210 205
  0.661117 0.600674 0.42375

